ID: 0 - Dataset: tedlium - Split: test - Epochs: 1 - Original_WER: 0.08541555909976963 - Updated_WER: 0.07655502392344497
ID: 0 - Dataset: tedlium - Split: test - Epochs: 1 - Original_WER: 0.08541555909976963 - Updated_WER: 0.07715754031543505
ID: 0 - Dataset: tedlium - Split: test - Epochs: 1 - Original_WER: 0.08541555909976963 - Updated_WER: 0.0784688995215311
