ID: 0 - Dataset: tedlium - Split: test - Epochs: 1 - Original_WER: 0.08541555909976963 - Updated_WER: 0.07669679248626617
ID: 0 - Dataset: tedlium - Split: test - Epochs: 1 - Original_WER: 0.08541555909976963 - Updated_WER: 0.07669679248626617
