ID: 0 - Dataset: earnings22 - Split: test - Epochs: 1 - Original_WER: 0.23519800665808877 - Updated_WER: 0.19694463166064172
ID: 0 - Dataset: earnings22 - Split: test - Epochs: 1 - Original_WER: 0.23519800665808877 - Updated_WER: 0.19694463166064172
