ID: 0 - Dataset: chime6 - Split: test - Epochs: 1 - Original_WER: 0.8436728939020092 - Updated_WER: 0.6596052167782869
ID: 0 - Dataset: chime6 - Split: test - Epochs: 1 - Original_WER: 0.8436728939020092 - Updated_WER: 0.6596052167782869
