ID: 0 - Dataset: rev16 - Split: test - Epochs: 1 - Original_WER: 0.1725807192863307 - Updated_WER: 0.16574836723126338
ID: 0 - Dataset: rev16 - Split: test - Epochs: 1 - Original_WER: 0.1725807192863307 - Updated_WER: 0.16574836723126338
